64439
90312
81363
7256
74954
11495
56528
42262
77306
94709
79864
53181
85211
69904
60226
40601
47605
1654
39525
47663
24776
27352
24458
58321
39731
2681
61604
78348
83691
36800
38212
27345
85022
14195
6948
21975
77689
87938
8020
27333
35653
4812
67961
32151
28998
1954
49111
64064
55281
53086
75353
64176
92532
7524
79900
64422
36256
57495
76011
66726
77199
31256
55293
37951
60350
29538
29299
49100
65151
5347
26338
2208
94316
36153
67158
37592
90025
61310
8714
39773
68241
87374
80017
10470
22491
43116
73701
5747
35248
83425
5818
27275
56194
44357
64071
99032
39346
21256
25531
17233
94505
39736
7691
2137
53068
78215
74377
26314
7311
2368
78452
41464
70416
99555
45221
45820
18628
8823
40600
444
10321
85950
6526
47883
94802
80578
22463
56775
85536
96941
73490
96941
72409
77067
44041
83460
91211
65339
81543
38947
19935
78162
84630
79159
25183
68551
48346
45146
32838
62210
43808
15368
74848
11464
61809
71095
28496
18791
33362
38000
37163
71482
24377
78542
63485
51696
9609
84778
28866
10452
14600
85830
55818
44711
93397
81010
59075
55395
53243
31286
67270
7345
96044
73403
51427
41422
45213
35511
62943
80708
33667
53624
38467
39359
31284
36377
85176
93040
35004
88040
57099
23876
32499
51147
51372
70741
90988
79057
15241
94421
46379
55511
53892
35346
32293
33157
65351
90924
10560
44069
990
77475
64850
51043
24408
88394
2701
25027
27258
6502
71356
5617
4385
95586
32053
76443
31537
22389
40336
74318
13102
63938
67484
46644
28490
73335
80333
75956
25253
68118
90174
57902
68167
10861
84310
86663
63712
33798
91195
81860
68325
84741
17676
29823
21684
23064
7368
11720
67811
87797
96933
67953
93065
98099
50506
33106
20113
1009
97655
53787
14555
97263
55621
24095
93673
63740
47118
95608
58494
12157
17550
41002
59729
50340
27645
98453
38909
78190
52732
21010
24050
91655
11371
37753
74584
18883
10118
38463
11476
88348
92863
66881
33364
35617
78954
69976
28891
56694
7281
54984
6186
49352
21348
40139
75074
95802
73488
63319
49930
1379
35873
63588
71025
76553
4796
4922
98334
17943
97683
97650
17541
34318
61559
23434
56551
15141
9276
64624
38151
15377
21238
50746
5261
98447
73698
92824
7224
7488
34302
14754
17721
53528
50612
47908
54503
3145
53948
7624
98167
24833
75506
41982
4764
30570
30837
95383
17369
99143
99188
41371
84238
167
11238
12517
19304
81955
65690
73703
79903
63190
70189
12696
76127
12181
68746
87013
30671
24607
87269
53730
57884
36726
66984
1093
2604
36964
22132
37140
91802
76997
77334
40096
24501
39303
25900
34180
22642
90248
85475
37399
44923
26304
11973
95593
22704
48504
40012
4307
10130
78180
97074
75534
19875
82477
11996
65062
79804
71898
29921
16878
66969
83068
86302
92871
97396
84067
12665
56099
72443
59220
33194
16225
30700
42807
41686
59042
14488
43499
80462
72112
43557
15365
71796
34669
96382
50563
40718
76546
77187
68932
67304
31244
66983
82593
43396
19695
99853
43100
53690
7926
98212
89773
99294
21327
33026
77643
19654
13002
98971
1291
80238
67637
18115
68647
15099
4717
66839
89518
96821
75220
80833
76123
35008
31795
90770
30903
2986
58747
45897
39215
95735
842
54774
13606
4311
94515
60290
45153
60886
14767
26040
45444
33007
44832
54562
28788
91828
93154
29815
21300
79506
71002
76460
79439
92052
2474
30113
91715
58282
21128
77510
68001
35147
57823
59838
7520
74809
15880
14104
16752
22812
76707
52286
14016
78767
69087
71319
86460
11949
75229
96950
94349
20392
7874
54310
44300
32632
9886
86455
81018
78325
6359
90212
60163
99745
5206
55369
51653
55333
42868
41600
22627
40025
5206
12249
63167
22769
36818
45437
68639
50158
22830
60386
3208
66936
92491
61057
22636
62877
9744
2674
83754
92162
11283
23814
90007
83531
87433
39305
42064
15109
10708
16630
95550
67027
49411
81471
53748
87601
57304
63784
83247
23351
26982
10048
35437
71321
38628
11887
41293
43600
85628
18557
5985
43227
43177
63901
21659
35876
26787
46365
84520
62960
95631
9255
45068
94366
76276
44654
77464
72726
55681
49326
10791
11180
74885
10319
99898
61602
77232
3279
40089
25941
5190
91661
98381
53910
18513
67316
81310
7983
93574
62207
71615
52892
75958
8045
34684
43780
87546
12267
88731
65925
78634
36993
10924
81118
11686
32489
42893
60959
42036
22268
73302
12524
30791
98865
69670
87789
50130
46230
28680
83480
46679
55918
91154
56734
85222
39802
36362
62040
16480
54579
90426
44861
28976
62374
11829
7660
52012
43255
70456
78605
53084
51376
47818
75972
27063
12846
96511
94246
74838
11669
57292
17521
59491
86109
64426
64728
28234
14622
11940
78779
40066
37995
1563
74418
35310
91991
28388
68662
24334
97026
77823
3575
16762
25185
1257
19126
39164
37839
25986
40645
16821
18295
71931
77863
35406
77918
57112
1186
84136
57750
3304
1787
12719
81327
92586
81157
57984
60312
15938
22247
29261
90386
86779
82461
4801
35399
98017
56437
55788
25703
5705
23916
57048
89257
66512
80717
77714
27926
96681
58679
80356
39313
19217
56697
92771
84263
11205
69805
16577
82953
92076
11538
67999
66106
71634
64458
8236
30989
73474
84400
27435
30920
91238
87196
83760
65909
88716
36743
51683
31652
79298
41816
59843
29372
9683
33349
82315
30835
58217
45384
86031
34106
89966
40101
6950
73724
68535
41590
15697
2253
6479
97134
42504
15839
62676
17828
77863
7557
91526
29690
34496
90980
61435
11894
62952
86899
70725
31736
29142
61507
62725
13857
80029
68156
18583
5208
30895
21153
26831
35894
39943
40287
37682
98779
89665
83657
41504
65996
36431
93455
84069
52818
34453
79005
77320
55635
10257
54866
74536
95594
27391
27162
58627
71038
84526
3305
95764
84000
30798
60993
60004
40579
78113
77309
52115
60336
70070
27812
70230
73630
85448
85500
84588
95937
12702
56086
77221
85165
3225
85534
57681
94200
11965
66675
20346
74062
55678
67419
9633
54701
39129
69526
57132
7341
60771
3607
97876
14753
62281
8775
2205
67445
89635
33240
66590
92998
71457
76176
16500
30853
4614
13573
85731
6500
30980
9333
389
68590
78172
77358
81235
49248
98698
38247
33417
55388
98481
47765
99903
38867
53692
7010
2569
36761
73144
51445
92291
59092
33932
81331
12364
78241
9789
24994
81479
96763
49019
16165
61752
30057
91069
79815
37270
8460
92971
55169
5571
33045
69000
44460
98425
30211
23341
53328
43663
73900
53142
41981
27125
93359
78537
1364
11367
45470
22219
9144
43067
31996
38588
91641
8194
27339
33439
41091
74580
99502
54885
87215
41403
64440
35884
94703
82774
72116
86030
87464
32196
319
88363
50075
90732
12916
94061
40673
55119
78526
2270
58287
37319
19291
48804
31344
77387
62507
78958
36146
55286
56022
48762
22175
67161
67238
33132
55348
63314
80112
25131
95653
67509
80089
24153
26860
59536
60009
39909
94481
24776
14297
14019
72893
38619
45114
85342
41217
25703
5801
66892
54318
5412
24824
10307
90732
28576
58663
54503
37891
98726
47256
78820
41300
52043
24446
93900
31983
68228
90247
79517
79975
60112
89969
64455
95644
994
39188
93503
36192
6197
69660
89988
4732
14106
86405
80448
27242
50576
12544
62474
71515
2246
48434
6335
79747
57732
88693
98775
41657
31740
78112
54040
29837
28817
74412
22029
66647
20023
39324
97409
59545
60904
32068
50747
78074
24580
92888
25092
49721
58550
72027
34190
60377
97794
69500
65291
76181
51930
83862
60029
42523
17711
89091
72940
74728
90475
58001
23339
66945
84357
77951
64647
96567
500
56170
84764
30708
75100
51242
69132
44572
24453
77608
56741
26090
42012
77954
21376
69250
538
90541
92961
51676
75170
94041
8470
87227
65667
52042
88322
41202
83158
99302
45523
52358
22507
67918
85480
68888
30290
60065
3392
76835
29095
46612
25562
48607
3666
34749
69976
78951
89020
69190
7151
72002
92189
48819
54411
21386
11765
39236
87534
19716
59612
72233
96882
11566
95559
32142
18523
23663
79060
92283
13248
40371
48431
63411
15633
29865
38077
24563
36034
84706
30978
92276
4043
42585
39424
68857
27554
15670
35594
98270
83549
7932
18482
51337
29381
97008
79354
59824
27893
36262
58356
98645
88549
78879
45698
57109
32353
40842
77286
45341
91583
15111
68823
87814
84345
63851
24091
33377
18250
629
46241
74062
58276
11280
78042
31601
92972
32108
98711
57469
80341
67957
93072
20513
51462
59194
50390
39673
27983
77514
64159
58762
95670
11120
5579
50686
27134
15549
64931
26800
63328
72317
40614
59130
12659
76013
41440
93604
77543
65806
40522
81893
86578
48860
60413
89395
84342
71668
74225
22995
48755
7801
92068
3869
63597
73398
23075
57307
16091
64299
67182
98971
37869
44767
37903
56043
97306
21981
12788
6222
70753
28953
78253
18031
26978
59215
23881
70681
57101
90496
11202
53476
80454
66540
58914
34050
1227
79404
5697
31156
33724
8113
20704
18051
1978
65830
54162
4141
48829
42852
60784
4336
64931
33408
30
44514
45683
69427
32976
87114
31149
1381
13535
15109
65032
58999
77928
49198
1584
49322
76977
39331
76025
95185
22054
34334
1822
5190
97276
95195
3140
27639
75008
66519
64224
59145
49242
14259
55536
75441
5036
67317
41707
12901
13980
34239
80202
33401
3918
52017
3278
29347
48508
54267
42343
89537
52124
12234
64031
42793
88026
42068
94911
7145
84176
65157
40954
2741
14630
29951
44634
80223
73593
19895
67534
47237
39570
89176
46441
70096
1714
53833
78583
37866
22703
32952
1196
36692
82741
93492
51119
70943
56702
14261
7112
35122
3768
49710
11806
9672
9404
33647
71077
83454
11506
17501
65452
40923
78622
96014
87582
86095
594
12374
60220
25873
85152
1872
84565
2310
15869
96067
68077
40055
54680
1334
55712
75412
61758
25249
64982
22136
78790
42724
80762
34987
55017
38283
18637
32953
17853
17058
21625
69961
29251
7456
29238
15367
67578
53246
59327
97413
88621
16385
17638
46131
3847
62826
49239
92160
53465
46295
84061
67394
11426
28593
74860
21311
67766
94273
36571
75338
1772
53463
27945
49070
12371
56349
94672
85488
63722
20738
41577
52742
17364
23348
97748
58369
44785
4236
50724
43612
39762
85800
38784
92310
2610
84956
11487
94485
41432
59706
64014
10274
29481
82407
61958
77512
68243
63920
7182
20071
20624
80307
7230
29259
77520
1144
39713
51989
67747
71638
88354
94613
14446
38048
28939
52030
96021
31437
2036
68316
71426
6454
70662
57081
298
92834
20651
82047
56094
95532
40786
14819
39157
37609
36834
33908
46504
16048
23717
19202
53031
17350
18720
59739
87082
4294
10478
40513
84415
94315
13527
40943
31442
88673
86270
27017
18125
64081
73841
8702
45609
39453
72724
82464
9365
369
49211
56152
76977
88379
97323
10860
71252
69389
91720
65016
77598
5967
34085
39944
2285
81431
76869
75232
81262
68022
35217
74489
33025
84621
86049
56291
42800
23871
78730
3638
68310
72862
76236
95674
14537
17587
96229
65937
56660
97006
98459
38731
64657
64152
63859
65413
10836
26268
19976
7941
31293
85935
26611
78665
98459
55977
87436
34771
22923
86267
177
63517
67671
65433
71357
36341
98856
33452
82258
4122
48316
91542
93622
74739
89007
24770
562
98816
45111
9947
41147
76831
89304
16865
67567
90099
37180
15720
87244
63059
88377
89572
43263
3561
10179
6672
86930
63335
38659
86932
57169
87034
83183
9832
69686
72115
82486
50939
96770
27065
86151
105
26422
34471
80627
73647
201
26024
9700
63890
24074
20078
17775
94247
78325
83833
73858
86050
26294
98939
57675
81031
80921
73932
30153
15548
8359
22720
12163
904
29706
34259
86361
98893
70213
28003
33598
9309
29573
19195
48479
75762
38870
71307
2553
86073
25829
12118
94695
42911
92604
32703
79652
75584
42556
62385
49918
74975
52049
883
84037
55513
85882
27084
80083
48843
52876
68163
66144
26376
59563
90221
38409
91082
42273
63199
22333
60869
15920
96968
26294
825
20342
74617
35928
97391
54602
24010
80192
954
45575
97969
10625
69161
28877
33096
63262
42988
51424
51167
49083
2066
13576
97165
4717
46568
67149
69865
65439
65337
33931
8534
37555
61050
511
76243
90989
34593
19323
40098
26644
95044
69740
19369
63922
21849
9832
91112
97455
88611
40110
54757
5160
34320
38313
2599
60757
29264
50752
48481
28631
28205
48090
15267
20373
23579
56065
17785
5795
91528
4712
51087
49580
1860
61710
27519
77542
16801
84953
50763
2253
89468
53123
32593
84290
43569
94288
21359
98868
3438
9046
96258
98489
49018
53555
70271
29492
20488
49930
2033
91027
36708
21160
11012
97936
7809
51714
2536
47400
5717
1611
95317
2461
80455
73629
97633
38776
61479
12446
52759
16284
75467
70437
32258
69917
47181
14712
96983
64940
39742
38022
73822
98787
97230
65740
61426
79909
60830
93080
79531
43711
53137
44360
37049
64120
48311
65318
28538
76257
88724
79358
82511
50401
59311
6498
50635
30066
4807
65271
96601
79458
10669
78507
15181
32381
76450
15822
14112
30021
67089
83136
70367
79276
19755
8338
32568
88331
8506
17157
78752
13911
5018
44389
75701
67767
27368
91831
80068
52559
41325
20788
88208
42469
28052
27541
98237
8243
1134
53389
56178
58065
44690
5466
23084
5999
76239
43474
43788
21078
8561
97567
28598
96169
24661
93927
98453
79224
48847
5125
1203
38954
40586
919
45865
26446
73724
50069
72136
87886
40583
66932
4526
70642
63638
76864
62120
83616
41148
94073
99625
63088
3533
80621
1651
49120
65641
98403
80451
87689
89324
36802
9127
15363
94361
66220
87567
60788
44893
35141
29178
78163
36298
13302
68131
16043
43858
80376
68649
29039
16277
94315
14824
75807
29931
408
51472
58396
36618
43072
49345
12147
23848
53825
68670
47629
46942
76552
90637
43946
42831
34797
36509
12664
44461
67139
14476
17819
46032
80184
11073
33797
698
85422
93778
63763
93457
44250
28136
48100
60880
5423
95834
21942
43433
83997
62881
85751
44857
53077
24005
3050
94238
5217
46816
39226
29917
12241
24639
80333
28540
33067
62054
77795
16403
35439
33261
10650
69923
38736
99606
9525
1074
69512
29531
73421
55947
95091
29599
9254
39291
47450
38254
52094
42854
93409
89079
13541
61858
55077
31774
50504
39191
85701
59350
68441
78759
32399
11624
84332
8051
88923
17862
55386
76794
22512
21152
82437
54445
21939
50265
73586
5048
38804
73864
10373
40809
98982
40377
68936
94752
39108
47053
8580
21480
65883
3083
19057
23960
62072
24754
94618
15100
7057
90031
67817
34796
46400
2331
46752
78203
2078
64777
17308
23371
40365
50460
35129
90820
34964
20709
53558
59529
95248
92241
82630
59532
68692
664
25253
58496
12973
93472
84563
93285
49690
40912
38874
80181
44511
10468
18423
44464
39578
14811
41521
32795
96419
59090
26420
73997
93139
81262
88708
77821
9772
84012
31828
41533
34937
96105
65285
68492
96109
48316
51377
10486
17208
45658
1883
61102
39764
47013
32605
7334
8211
38567
79244
19340
76292
91144
12757
36123
15883
60734
69740
27978
70045
75489
46391
72555
40707
9465
88709
74611
63501
7457
83893
48517
54943
23411
3447
17250
47222
37671
73449
17156
52689
71334
71825
18797
92365
93539
17906
34839
63528
14058
57308
22199
23968
28568
32840
54966
84763
39133
87595
20562
8238
63152
12730
87110
68405
6913
26179
39678
57555
942
1440
2235
54990
47189
95125
24291
13081
99599
72494
44187
93141
56727
88637
10021
306
45945
65595
14512
11059
9279
23485
20351
1133
47262
32731
6092
34140
15347
46898
143
74633
64710
64418
85127
37668
8045
18243
56432
33112
611
16078
17624
82961
94981
10768
98771
69137
67340
11026
60394
11766
96269
84413
1258
88421
79251
931
57463
66117
65775
55221
48499
93417
68668
50631
54194
93206
22595
78351
46478
13350
93760
51296
68162
54860
86460
32855
6956
41079
541
3410
76440
30021
25997
72857
83415
60578
53409
90628
31608
45517
31218
98161
43623
55528
14510
23352
97332
97558
78251
54274
24850
22407
92414
52066
55578
82405
91689
57943
7475
96841
97801
62533
73585
31977
6612
1202
78503
83761
33888
22799
45373
48046
96472
79042
47464
14902
54624
31477
21039
9467
52150
28287
94193
51211
8385
7368
52951
97529
38187
10638
61381
30633
66786
31676
17816
79058
74418
60026
58626
38929
82567
77876
66505
96028
64915
59404
81584
83078
13530
87142
38215
34480
68714
85982
44054
5630
89604
9275
48067
98609
77874
11993
76793
79803
68034
72440
38545
24588
85732
30554
48508
18247
6345
11474
48176
59722
20699
24591
85020
83444
16672
54644
71635
30909
35526
19147
84017
5710
46176
9217
71387
1514
23796
85557
15111
33384
276
25863
68331
89043
36538
31807
75716
1937
13756
72065
96202
17690
49645
80960
74523
92082
757
89224
86083
67547
94728
51019
73455
76779
51656
66421
71393
98315
83177
61078
21363
64753
80653
5152
42965
70020
96841
61458
76772
64027
5211
79700
60121
83883
99737
22057
42793
54508
90602
87987
80295
94489
38464
34960
32860
29947
36591
29794
14029
487
59116
99949
21072
40436
43603
41245
64732
9375
60707
94006
55587
71096
88766
65108
53604
938
88975
60175
39219
65399
6331
65365
61095
9122
32090
69722
51427
58429
7729
74017
43423
37595
92095
81023
31605
66889
79558
98347
76772
22927
24580
68199
92587
54316
53809
38375
45472
13167
61015
46419
28949
70033
31227
92056
16756
9641
18938
88088
11312
95703
86426
21368
66746
91948
48084
51961
59823
43957
34921
2080
36462
43637
58243
63084
18597
87644
70395
64893
74879
30014
39822
35343
94099
38774
75258
8861
63979
97244
31158
62966
37392
39863
42950
82434
56793
88647
30437
94732
73106
92716
56980
697
72791
64939
79699
98492
71452
58865
61506
28853
26337
73420
25562
1707
25227
4857
96111
88992
37427
85919
78582
44782
50486
21420
45155
39918
24199
88428
97685
39277
67134
47433
30798
16899
70064
24668
83146
90344
64497
28394
6074
70005
24946
77922
88005
95764
15798
56813
69258
68724
70132
48270
29916
13080
93768
90024
75893
49547
49631
80504
1429
15399
41537
85731
36408
20195
68934
17025
51245
7703
33263
27280
3178
27780
50545
22093
99198
14579
23754
34156
64927
40209
95966
69458
91818
6864
53092
35780
13180
88281
8063
8322
23133
45337
64104
91622
85859
85241
7798
71790
20761
33661
84214
86762
67758
10974
20121
83331
16550
90212
73522
90436
796
27936
94255
97290
94608
74925
6161
24328
34713
66152
97887
61216
56951
1744
1583
60722
27641
89794
35538
59360
66896
62958
53996
4034
5470
20628
13505
33499
34239
40218
84488
9503
82788
48433
75807
69076
2164
21867
66293
81876
17728
41677
21788
1597
59323
77408
8465
79388
76638
3283
26460
87827
82850
68899
98483
395
45328
50831
87822
77343
69406
70858
58030
84367
99425
42665
41071
46780
61092
9580
61998
1230
96842
79589
4662
60431
2474
90075
67180
915
70520
11398
20357
72860
487
8244
45605
15665
82799
26871
32867
62021
33313
50519
78911
41552
94438
54132
91733
42211
15119
75680
62836
875
76595
41545
11046
85188
89020
8504
65939
58592
4646
75459
70592
38729
37101
8530
35550
81669
90347
72356
85195
81318
91960
86854
86588
78798
7569
12311
11490
11180
87428
90135
98846
30932
67917
49295
62972
25814
5000
22258
65783
46949
36967
73184
90750
87789
86019
42132
18821
10912
96549
58675
83486
19780
41187
90126
3119
39677
1457
10549
8482
50913
32224
67967
32993
96845
84157
60118
66703
39266
18350
46033
97126
16904
26870
57949
53139
94508
21770
60088
26100
67573
37002
27318
52828
24776
84851
94006
8225
39808
63941
73418
45810
31738
28853
95879
35017
65627
69582
90865
91059
8547
4966
65649
98625
84641
16886
71482
24069
2071
83852
52129
84792
23395
36128
23695
15633
19716
47970
70824
95036
89446
95034
73109
66587
30123
98568
15227
11238
97488
64583
62900
88950
36367
10402
28166
50336
48471
1072
12190
32940
37537
4265
98305
74338
15366
34352
66881
17642
39765
59336
1326
11765
19962
86548
87132
13196
21562
54910
52704
8302
83722
21143
36200
37224
43624
4483
99667
28321
98045
63037
38190
98191
91331
39236
4607
94977
75311
89660
12915
43205
35910
4702
83202
80102
37533
1260
70363
99501
50086
23248
74486
28219
54296
30481
70999
49855
3599
72703
5228
94515
31895
98430
37215
30355
98531
95262
63555
23325
14389
30901
46800
10340
49562
59897
29637
47300
53443
26470
71754
78127
63071
82718
31020
591
77467
78325
67961
90485
71570
20800
89796
27825
46155
3055
22775
81335
94132
37988
806
96075
88297
94625
87238
68059
16769
41791
34053
85921
14274
52890
38784
65708
80670
13509
72920
56265
12792
73904
70599
48688
38227
41071
94161
63520
57672
44361
20827
83873
52496
95123
79431
10269
33608
13591
45710
74319
72737
9888
37873
66473
73999
86719
21426
35598
98304
40093
24024
53734
1504
32453
98331
27642
28989
93096
35631
19082
50370
32598
34507
94935
31704
11127
41294
16293
47109
13929
33919
70445
92212
30331
12551
85908
39127
17404
53473
45066
60656
82802
30885
57640
80201
87194
81220
75679
76999
87290
7551
31449
48226
69025
38776
27303
31693
17637
2222
44235
50780
51490
87216
76637
14175
35358
88601
8348
83546
43479
68388
11049
21981
26220
27322
68915
73572
27572
71923
74358
23938
36978
1678
98641
54885
85560
74380
25517
85307
88333
56884
13377
49874
20303
75654
14254
85002
29142
69555
51578
35739
59262
49310
55249
64340
69855
56061
78587
94337
67355
10200
49944
39798
97337
81747
63580
85351
10457
92781
21351
73899
24350
99094
37601
14351
22363
91273
50809
31096
67097
78378
61757
9096
52249
77863
15612
74328
27918
34842
97277
87890
12849
14130
71284
46100
68159
58486
42236
39216
18819
7402
19066
51369
96185
47066
88819
46084
31553
89577
86433
68952
24196
31641
75247
21209
30660
4530
99549
62087
62592
69297
44360
21516
58119
34645
75287
65113
39440
81309
16139
91860
46657
22584
69558
11655
83119
98099
26871
93707
86973
94703
3018
84070
46883
85720
33877
43391
84707
75865
27475
38161
82681
42256
95492
73636
21786
5246
44133
7189
85798
90403
83636
42900
41226
61575
32649
3060
85311
32908
82925
88451
91020
9334
47585
40690
22399
62503
2458
9136
71783
13415
57050
4624
91353
11761
7885
14240
48199
63448
28236
28515
65542
35976
19098
85991
17247
93826
57402
9381
33069
47598
80953
53718
76594
7869
23679
60877
29805
86825
26603
87695
80102
89436
19790
76043
11470
54238
16619
23004
76618
33402
35731
36714
10414
21995
59532
17385
3886
91016
78206
92221
66607
51484
49946
55497
89248
69965
88101
92240
65219
83188
71660
90483
92130
1435
95427
22785
16964
73603
35908
32478
6844
41680
1852
7560
53770
67354
49703
20555
34364
41728
52628
55663
31621
66637
1647
83943
79134
22042
34913
23103
63457
73776
21481
20896
83116
12216
60951
24922
69678
42489
73067
73105
11267
99585
63698
48102
65975
72042
44406
55451
17504
7579
39958
14853
80764
76814
78896
72421
8332
28701
4541
69966
55433
65118
60722
50529
27164
70523
53067
31685
1916
34834
58214
85911
39746
25875
62575
25836
13753
22525
25034
9430
28771
33230
20365
51225
9407
71983
97353
25573
25914
86793
40459
7553
44507
19813
6313
7545
11579
17252
95403
64697
63103
10085
61537
11060
25951
77143
94744
17206
91330
21963
78661
45860
46406
17028
2571
9705
33754
89239
15054
30044
33229
29317
45549
86323
91440
16055
951
59808
15206
77900
72425
29722
23707
78134
36718
97355
56897
9022
14516
50442
29093
65852
42413
77404
59141
21467
75137
56213
59214
90332
41915
32954
40375
29945
5956
22675
82758
14992
55146
48017
55076
18146
76567
11722
97026
82946
956
67335
37278
8301
13996
34841
30102
11206
37561
49083
10502
79543
44918
46337
61971
1634
18333
62308
35315
7204
10935
27393
94537
2349
47038
44698
37039
57379
84037
72543
92042
9295
65356
18534
59535
78317
40756
4905
70434
89146
93984
63499
52510
29586
83608
71265
49028
5715
38805
34646
88942
65818
33012
65156
90005
58465
88211
2508
49505
3491
78099
23095
4458
36314
50805
33952
97543
93910
19292
33575
98347
53572
18600
54884
54201
79542
37798
91993
54351
64796
70475
85726
50087
41702
52139
39765
90730
98903
75807
59658
71753
15251
912
67584
86683
9277
12197
4559
72338
66243
80074
59132
81781
39248
98555
99784
68873
66724
24076
17357
45502
93057
73719
99221
18251
88375
58775
64070
81474
87935
1597
32197
71369
36297
37118
40010
65290
79960
94814
67691
83781
43915
34515
81717
59166
99326
74334
52229
88519
17693
84679
30447
83566
49145
49053
79517
87203
40242
43804
73029
62661
76607
24005
99813
43171
48230
89730
55641
59496
8673
4209
89700
65036
81517
50766
5085
75511
75064
58610
97466
86955
2422
41551
72143
40670
92594
82168
38919
54662
75816
92482
53738
16737
53438
65196
57925
97171
80335
13376
21802
30591
87436
61638
44871
54826
59459
57784
83779
72911
97470
51454
95746
1891
95720
13830
52884
383
61644
33894
84889
48105
23620
96424
93408
60283
81797
51896
94655
90952
10013
8663
16018
84380
66748
67278
33784
41161
53117
63456
11936
60949
13184
52884
47421
90481
11701
40030
82202
5577
63741
74155
39639
75034
43019
91688
32507
94913
88952
66482
22279
62801
29895
38681
74051
71105
94588
70848
94498
66597
27458
93269
64660
68266
20465
1301
78639
99929
93087
10023
63751
88478
33078
56033
20199
98530
75110
49778
39368
95224
93414
7475
95248
47304
47685
48196
44971
41892
77286
26702
90964
32380
81869
59799
34035
95091
64049
54752
78917
14449
16564
95290
3542
93382
73199
52869
94031
46023
78188
58859
77667
49389
27562
5816
56371
59973
82769
84228
5776
55434
24980
89744
22463
23311
93339
69322
11666
18521
56173
53928
79393
13542
36522
39395
37571
47073
22036
84939
35467
64289
99682
79429
29112
32323
74511
20568
58185
9296
64082
5342
35433
69001
97818
13064
2734
49065
32246
32121
97655
79084
38641
78352
47609
89026
28004
89192
46793
93280
34269
22718
1891
93988
51256
7278
10332
69984
14604
1405
97706
66338
53524
35395
61894
22343
79499
95865
48251
95977
79147
61874
12655
45155
43982
68947
22488
76888
84570
53685
75298
35854
44228
81820
13768
32945
74260
19634
31771
33609
27900
1569
57364
6719
1860
97618
94561
7303
51259
46626
38645
7370
62326
23886
90940
41478
9470
54024
80553
51139
94948
40858
61343
94565
93135
72107
88056
88929
59481
63092
89970
47890
40177
32960
86108
36458
95706
94515
73695
15770
43912
50222
55469
34928
9392
84994
48098
23375
41342
83842
80707
68748
32604
76826
37721
21789
33175
81605
7483
6304
88665
73955
67728
88933
44505
27064
59307
43773
3592
49650
6057
30816
91087
91243
33760
3774
6161
3410
42148
58749
89429
91538
60343
55071
5939
55176
86061
70514
76815
99467
86299
53734
17184
13521
34624
826
21508
47413
60824
79295
93916
73415
40853
30127
81187
82969
89549
32167
67648
394
68878
44670
89820
25697
83634
74579
15574
32887
90102
14064
43968
78178
70299
42658
48523
27617
27607
47171
20163
83306
74345
24502
6939
10107
21558
22128
91996
61786
61969
46379
71202
34119
52070
24357
51820
39857
11557
54653
56940
52706
75619
77689
95466
94269
36252
78605
33425
76739
26984
67558
43847
46667
1896
1858
39557
58931
48780
5469
60785
15555
68505
14773
6777
4423
17795
36237
98955
73206
44828
92753
33444
60376
64865
67809
22782
45918
43746
91638
75966
75342
89344
99875
90497
7896
80582
22982
2450
23939
24466
15515
563
8826
86445
65544
70772
99335
31409
95478
84345
98616
32647
79949
59231
90118
58968
44799
17466
907
8546
12052
35858
18811
30538
791
27606
44050
66863
15370
77141
78441
16838
39826
84221
25151
96374
41485
7152
53374
61395
28168
53618
73841
91310
9442
29050
13893
9385
26730
20864
50942
25408
56992
5360
35511
14573
19887
50366
42740
78485
98685
16269
37329
89639
47914
21080
17497
14719
62829
13977
67719
64295
1771
28081
67290
71453
32086
88581
29057
25396
61266
49062
57940
14915
69020
74685
49531
72652
174
26170
99788
58523
85470
7434
77492
92577
24960
40507
50563
24130
6769
67446
27425
43129
16508
29020
87476
14702
69012
50135
72173
42432
50145
19610
51537
77518
24271
64937
23135
63021
97827
91964
65578
75605
90211
20907
96331
38670
47389
66612
58126
28582
90795
6599
78670
68085
29920
33116
98540
97235
79487
52077
7603
14738
51819
59489
74036
46022
25858
90219
86083
33271
73151
30869
75816
25015
4591
43530
88844
21584
30799
65650
1069
22790
35291
13758
39220
34448
84844
54612
62530
6703
95054
14110
21462
51607
10672
26411
83104
8658
23428
30204
94923
412
92337
5077
12021
20772
65946
41149
98937
7296
24381
62970
5705
65943
73813
64793
62697
14962
20251
12651
98960
40676
12922
77134
70683
48799
56850
84944
16719
88317
28856
42328
93850
24004
2792
1160
2802
47227
70349
89866
88862
70128
72806
35610
35065
42309
86040
67365
83308
72351
21439
97794
27688
78122
55243
92848
79045
41256
50236
98206
49351
10972
72579
38167
48154
7814
33197
7484
49524
12356
5876
71334
15088
17208
27092
15320
80943
24862
42068
94230
17861
79567
89505
70252
45193
40748
52010
24127
26802
73500
62124
83069
32879
6937
42802
79438
60112
66538
71846
20318
29264
47835
43714
65518
9901
20848
68983
55993
31389
70430
6242
86053
32933
9065
92080
84027
24136
79331
2686
22847
76552
61753
26597
25444
90690
54922
64114
43516
68991
61407
58159
48687
74778
86080
85929
15254
34553
30240
32647
68795
92113
99171
82812
99055
67307
80430
89116
72817
48513
94562
10389
7439
23910
91841
92748
25089
64962
72614
97778
73001
29763
76232
22912
77420
13447
3014
20976
84875
68086
10111
41624
48140
35611
58580
2446
26018
30014
78201
96636
43072
10693
95218
34927
56692
23357
36453
98855
59103
69989
72591
95384
81095
14980
67806
96265
50064
46151
75703
57887
98535
84300
18216
561
5863
29343
2690
45269
99052
87690
54024
54093
61092
59174
34636
29481
94107
4131
30068
22811
21579
58137
83967
34948
36122
78974
96433
43520
32401
71867
98262
60166
87021
65319
36266
13191
31061
50141
84076
54237
47293
74654
43312
39331
50577
7175
97900
61426
6796
6606
16782
43217
32725
43864
81010
91858
49317
41639
31450
13769
14968
86166
99868
43775
41247
8614
45591
55593
96570
17395
74823
17929
46686
59250
93429
44778
1393
44419
16604
52941
96480
75269
24743
59493
17872
56739
27326
67602
24840
2661
95475
65410
31927
6923
4698
97385
32546
47965
90580
84188
35101
67682
76912
30027
56735
69081
45592
2308
68396
76102
81815
48295
52777
83564
30110
35921
99447
75060
50971
66484
4294
82383
99909
15828
27928
31261
40279
72006
83063
81011
84653
90859
62191
25295
36310
95246
35789
48821
34209
71281
11928
11102
35455
74255
35749
57771
94407
58085
77439
24698
48519
4294
19338
58746
98828
9363
68025
8438
73973
29181
44344
60109
62405
67815
77490
84780
84799
18060
75163
91036
46444
69403
9391
45264
22006
31312
59969
49440
86786
31161
71883
61432
32450
84064
6796
84284
47218
43271
77497
40881
86891
1881
6505
45635
79702
66917
4813
7348
83023
48842
16795
91928
83487
36302
83609
53330
52003
52947
15930
28110
70430
64515
66416
61514
77603
58212
56296
90292
49060
14893
60714
94043
82384
35090
82697
12653
87856
76311
27761
98556
98991
63317
77175
39611
71351
89099
14993
95530
29263
36612
49654
45428
82430
21147
97047
943
22323
83070
18750
55963
36008
66509
39452
85833
75773
78056
91838
47376
20988
47195
65589
78093
97914
71646
5337
99745
8304
86997
45202
33765
83018
92163
42115
22099
88417
35804
43731
13716
95197