 30
 105
 143
 167
 174
 177
 201
 276
 298
 306
 319
 369
 383
 389
 394
 395
 408
 412
 444
 487
 487
 500
 511
 538
 541
 561
 562
 563
 591
 594
 611
 629
 664
 697
 698
 757
 791
 796
 806
 825
 826
 842
 875
 883
 904
 907
 912
 915
 919
 931
 938
 942
 943
 951
 954
 956
 990
 994
 1009
 1069
 1072
 1074
 1093
 1133
 1134
 1144
 1160
 1186
 1196
 1202
 1203
 1227
 1230
 1257
 1258
 1260
 1291
 1301
 1326
 1334
 1364
 1379
 1381
 1393
 1405
 1429
 1435
 1440
 1457
 1504
 1514
 1563
 1569
 1583
 1584
 1597
 1597
 1611
 1634
 1647
 1651
 1654
 1678
 1707
 1714
 1744
 1771
 1772
 1787
 1822
 1852
 1858
 1860
 1860
 1872
 1881
 1883
 1891
 1891
 1896
 1916
 1937
 1954
 1978
 2033
 2036
 2066
 2071
 2078
 2080
 2137
 2164
 2205
 2208
 2222
 2235
 2246
 2253
 2253
 2270
 2285
 2308
 2310
 2331
 2349
 2368
 2422
 2446
 2450
 2458
 2461
 2474
 2474
 2508
 2536
 2553
 2569
 2571
 2599
 2604
 2610
 2661
 2674
 2681
 2686
 2690
 2701
 2734
 2741
 2792
 2802
 2986
 3014
 3018
 3050
 3055
 3060
 3083
 3119
 3140
 3145
 3178
 3208
 3225
 3278
 3279
 3283
 3304
 3305
 3392
 3410
 3410
 3438
 3447
 3491
 3533
 3542
 3561
 3575
 3592
 3599
 3607
 3638
 3666
 3768
 3774
 3847
 3869
 3886
 3918
 4034
 4043
 4122
 4131
 4141
 4209
 4236
 4265
 4294
 4294
 4294
 4307
 4311
 4336
 4385
 4423
 4458
 4483
 4526
 4530
 4541
 4559
 4591
 4607
 4614
 4624
 4646
 4662
 4698
 4702
 4712
 4717
 4717
 4732
 4764
 4796
 4801
 4807
 4812
 4813
 4857
 4905
 4922
 4966
 5000
 5018
 5036
 5048
 5077
 5085
 5125
 5152
 5160
 5190
 5190
 5206
 5206
 5208
 5211
 5217
 5228
 5246
 5261
 5337
 5342
 5347
 5360
 5412
 5423
 5466
 5469
 5470
 5571
 5577
 5579
 5617
 5630
 5697
 5705
 5705
 5710
 5715
 5717
 5747
 5776
 5795
 5801
 5816
 5818
 5863
 5876
 5939
 5956
 5967
 5985
 5999
 6057
 6074
 6092
 6161
 6161
 6186
 6197
 6222
 6242
 6304
 6313
 6331
 6335
 6345
 6359
 6454
 6479
 6498
 6500
 6502
 6505
 6526
 6599
 6606
 6612
 6672
 6703
 6719
 6769
 6777
 6796
 6796
 6844
 6864
 6913
 6923
 6937
 6939
 6948
 6950
 6956
 7010
 7057
 7112
 7145
 7151
 7152
 7175
 7182
 7189
 7204
 7224
 7230
 7256
 7278
 7281
 7296
 7303
 7311
 7334
 7341
 7345
 7348
 7368
 7368
 7370
 7402
 7434
 7439
 7456
 7457
 7475
 7475
 7483
 7484
 7488
 7520
 7524
 7545
 7551
 7553
 7557
 7560
 7569
 7579
 7603
 7624
 7660
 7691
 7703
 7729
 7798
 7801
 7809
 7814
 7869
 7874
 7885
 7896
 7926
 7932
 7941
 7983
 8020
 8045
 8045
 8051
 8063
 8113
 8194
 8211
 8225
 8236
 8238
 8243
 8244
 8301
 8302
 8304
 8322
 8332
 8338
 8348
 8359
 8385
 8438
 8460
 8465
 8470
 8482
 8504
 8506
 8530
 8534
 8546
 8547
 8561
 8580
 8614
 8658
 8663
 8673
 8702
 8714
 8775
 8823
 8826
 8861
 9022
 9046
 9065
 9096
 9122
 9127
 9136
 9144
 9217
 9254
 9255
 9275
 9276
 9277
 9279
 9295
 9296
 9309
 9333
 9334
 9363
 9365
 9375
 9381
 9385
 9391
 9392
 9404
 9407
 9430
 9442
 9465
 9467
 9470
 9503
 9525
 9580
 9609
 9633
 9641
 9672
 9683
 9700
 9705
 9744
 9772
 9789
 9832
 9832
 9886
 9888
 9901
 9947
 10013
 10021
 10023
 10048
 10085
 10107
 10111
 10118
 10130
 10179
 10200
 10257
 10269
 10274
 10307
 10319
 10321
 10332
 10340
 10373
 10389
 10402
 10414
 10452
 10457
 10468
 10470
 10478
 10486
 10502
 10549
 10560
 10625
 10638
 10650
 10669
 10672
 10693
 10708
 10768
 10791
 10836
 10860
 10861
 10912
 10924
 10935
 10972
 10974
 11012
 11026
 11046
 11049
 11059
 11060
 11073
 11102
 11120
 11127
 11180
 11180
 11202
 11205
 11206
 11238
 11238
 11267
 11280
 11283
 11312
 11367
 11371
 11398
 11426
 11464
 11470
 11474
 11476
 11487
 11490
 11495
 11506
 11538
 11557
 11566
 11579
 11624
 11655
 11666
 11669
 11686
 11701
 11720
 11722
 11761
 11765
 11765
 11766
 11806
 11829
 11887
 11894
 11928
 11936
 11940
 11949
 11965
 11973
 11993
 11996
 12021
 12052
 12118
 12147
 12157
 12163
 12181
 12190
 12197
 12216
 12234
 12241
 12249
 12267
 12311
 12356
 12364
 12371
 12374
 12446
 12517
 12524
 12544
 12551
 12651
 12653
 12655
 12659
 12664
 12665
 12696
 12702
 12719
 12730
 12757
 12788
 12792
 12846
 12849
 12901
 12915
 12916
 12922
 12973
 13002
 13064
 13080
 13081
 13102
 13167
 13180
 13184
 13191
 13196
 13248
 13302
 13350
 13376
 13377
 13415
 13447
 13505
 13509
 13521
 13527
 13530
 13535
 13541
 13542
 13573
 13576
 13591
 13606
 13716
 13753
 13756
 13758
 13768
 13769
 13830
 13857
 13893
 13911
 13929
 13977
 13980
 13996
 14016
 14019
 14029
 14058
 14064
 14104
 14106
 14110
 14112
 14130
 14175
 14195
 14240
 14254
 14259
 14261
 14274
 14297
 14351
 14389
 14446
 14449
 14476
 14488
 14510
 14512
 14516
 14537
 14555
 14573
 14579
 14600
 14604
 14622
 14630
 14702
 14712
 14719
 14738
 14753
 14754
 14767
 14773
 14811
 14819
 14824
 14853
 14893
 14902
 14915
 14962
 14968
 14980
 14992
 14993
 15054
 15088
 15099
 15100
 15109
 15109
 15111
 15111
 15119
 15141
 15181
 15206
 15227
 15241
 15251
 15254
 15267
 15320
 15347
 15363
 15365
 15366
 15367
 15368
 15370
 15377
 15399
 15515
 15548
 15549
 15555
 15574
 15612
 15633
 15633
 15665
 15670
 15697
 15720
 15770
 15798
 15822
 15828
 15839
 15869
 15880
 15883
 15920
 15930
 15938
 16018
 16043
 16048
 16055
 16078
 16091
 16139
 16165
 16225
 16269
 16277
 16284
 16293
 16385
 16403
 16480
 16500
 16508
 16550
 16564
 16577
 16604
 16619
 16630
 16672
 16719
 16737
 16752
 16756
 16762
 16769
 16782
 16795
 16801
 16821
 16838
 16865
 16878
 16886
 16899
 16904
 16964
 17025
 17028
 17058
 17156
 17157
 17184
 17206
 17208
 17208
 17233
 17247
 17250
 17252
 17308
 17350
 17357
 17364
 17369
 17385
 17395
 17404
 17466
 17497
 17501
 17504
 17521
 17541
 17550
 17587
 17624
 17637
 17638
 17642
 17676
 17690
 17693
 17711
 17721
 17728
 17775
 17785
 17795
 17816
 17819
 17828
 17853
 17861
 17862
 17872
 17906
 17929
 17943
 18031
 18051
 18060
 18115
 18125
 18146
 18216
 18243
 18247
 18250
 18251
 18295
 18333
 18350
 18423
 18482
 18513
 18521
 18523
 18534
 18557
 18583
 18597
 18600
 18628
 18637
 18720
 18750
 18791
 18797
 18811
 18819
 18821
 18883
 18938
 19057
 19066
 19082
 19098
 19126
 19147
 19195
 19202
 19217
 19291
 19292
 19304
 19323
 19338
 19340
 19369
 19610
 19634
 19654
 19695
 19716
 19716
 19755
 19780
 19790
 19813
 19875
 19887
 19895
 19935
 19962
 19976
 20023
 20071
 20078
 20113
 20121
 20163
 20195
 20199
 20251
 20303
 20318
 20342
 20346
 20351
 20357
 20365
 20373
 20392
 20465
 20488
 20513
 20555
 20562
 20568
 20624
 20628
 20651
 20699
 20704
 20709
 20738
 20761
 20772
 20788
 20800
 20827
 20848
 20864
 20896
 20907
 20976
 20988
 21010
 21039
 21072
 21078
 21080
 21128
 21143
 21147
 21152
 21153
 21160
 21209
 21238
 21256
 21300
 21311
 21327
 21348
 21351
 21359
 21363
 21368
 21376
 21386
 21420
 21426
 21439
 21462
 21467
 21480
 21481
 21508
 21516
 21558
 21562
 21579
 21584
 21625
 21659
 21684
 21770
 21786
 21788
 21789
 21802
 21849
 21867
 21939
 21942
 21963
 21975
 21981
 21981
 21995
 22006
 22029
 22036
 22042
 22054
 22057
 22093
 22099
 22128
 22132
 22136
 22175
 22199
 22219
 22247
 22258
 22268
 22279
 22323
 22333
 22343
 22363
 22389
 22399
 22407
 22463
 22463
 22488
 22491
 22507
 22512
 22525
 22584
 22595
 22627
 22636
 22642
 22675
 22703
 22704
 22718
 22720
 22769
 22775
 22782
 22785
 22790
 22799
 22811
 22812
 22830
 22847
 22912
 22923
 22927
 22982
 22995
 23004
 23064
 23075
 23084
 23095
 23103
 23133
 23135
 23248
 23311
 23325
 23339
 23341
 23348
 23351
 23352
 23357
 23371
 23375
 23395
 23411
 23428
 23434
 23485
 23579
 23620
 23663
 23679
 23695
 23707
 23717
 23754
 23796
 23814
 23848
 23871
 23876
 23881
 23886
 23910
 23916
 23938
 23939
 23960
 23968
 24004
 24005
 24005
 24010
 24024
 24050
 24069
 24074
 24076
 24091
 24095
 24127
 24130
 24136
 24153
 24196
 24199
 24271
 24291
 24328
 24334
 24350
 24357
 24377
 24381
 24408
 24446
 24453
 24458
 24466
 24501
 24502
 24563
 24580
 24580
 24588
 24591
 24607
 24639
 24661
 24668
 24698
 24743
 24754
 24770
 24776
 24776
 24776
 24824
 24833
 24840
 24850
 24862
 24922
 24946
 24960
 24980
 24994
 25015
 25027
 25034
 25089
 25092
 25131
 25151
 25183
 25185
 25227
 25249
 25253
 25253
 25295
 25396
 25408
 25444
 25517
 25531
 25562
 25562
 25573
 25697
 25703
 25703
 25814
 25829
 25836
 25858
 25863
 25873
 25875
 25900
 25914
 25941
 25951
 25986
 25997
 26018
 26024
 26040
 26090
 26100
 26170
 26179
 26220
 26268
 26294
 26294
 26304
 26314
 26337
 26338
 26376
 26411
 26420
 26422
 26446
 26460
 26470
 26597
 26603
 26611
 26644
 26702
 26730
 26787
 26800
 26802
 26831
 26860
 26870
 26871
 26871
 26978
 26982
 26984
 27017
 27063
 27064
 27065
 27084
 27092
 27125
 27134
 27162
 27164
 27242
 27258
 27275
 27280
 27303
 27318
 27322
 27326
 27333
 27339
 27345
 27352
 27368
 27391
 27393
 27425
 27435
 27458
 27475
 27519
 27541
 27554
 27562
 27572
 27606
 27607
 27617
 27639
 27641
 27642
 27645
 27688
 27761
 27780
 27812
 27825
 27893
 27900
 27918
 27926
 27928
 27936
 27945
 27978
 27983
 28003
 28004
 28052
 28081
 28110
 28136
 28166
 28168
 28205
 28219
 28234
 28236
 28287
 28321
 28388
 28394
 28490
 28496
 28515
 28538
 28540
 28568
 28576
 28582
 28593
 28598
 28631
 28680
 28701
 28771
 28788
 28817
 28853
 28853
 28856
 28866
 28877
 28891
 28939
 28949
 28953
 28976
 28989
 28998
 29020
 29039
 29050
 29057
 29093
 29095
 29112
 29142
 29142
 29178
 29181
 29238
 29251
 29259
 29261
 29263
 29264
 29264
 29299
 29317
 29343
 29347
 29372
 29381
 29481
 29481
 29492
 29531
 29538
 29573
 29586
 29599
 29637
 29690
 29706
 29722
 29763
 29794
 29805
 29815
 29823
 29837
 29865
 29895
 29916
 29917
 29920
 29921
 29931
 29945
 29947
 29951
 30014
 30014
 30021
 30021
 30027
 30044
 30057
 30066
 30068
 30102
 30110
 30113
 30123
 30127
 30153
 30204
 30211
 30240
 30290
 30331
 30355
 30437
 30447
 30481
 30538
 30554
 30570
 30591
 30633
 30660
 30671
 30700
 30708
 30791
 30798
 30798
 30799
 30816
 30835
 30837
 30853
 30869
 30885
 30895
 30901
 30903
 30909
 30920
 30932
 30978
 30980
 30989
 31020
 31061
 31096
 31149
 31156
 31158
 31161
 31218
 31227
 31244
 31256
 31261
 31284
 31286
 31293
 31312
 31344
 31389
 31409
 31437
 31442
 31449
 31450
 31477
 31537
 31553
 31601
 31605
 31608
 31621
 31641
 31652
 31676
 31685
 31693
 31704
 31736
 31738
 31740
 31771
 31774
 31795
 31807
 31828
 31895
 31927
 31977
 31983
 31996
 32053
 32068
 32086
 32090
 32108
 32121
 32142
 32151
 32167
 32196
 32197
 32224
 32246
 32258
 32293
 32323
 32353
 32380
 32381
 32399
 32401
 32450
 32453
 32478
 32489
 32499
 32507
 32546
 32568
 32593
 32598
 32604
 32605
 32632
 32647
 32647
 32649
 32703
 32725
 32731
 32795
 32838
 32840
 32855
 32860
 32867
 32879
 32887
 32908
 32933
 32940
 32945
 32952
 32953
 32954
 32960
 32976
 32993
 33007
 33012
 33025
 33026
 33045
 33067
 33069
 33078
 33096
 33106
 33112
 33116
 33132
 33157
 33175
 33194
 33197
 33229
 33230
 33240
 33261
 33263
 33271
 33313
 33349
 33362
 33364
 33377
 33384
 33401
 33402
 33408
 33417
 33425
 33439
 33444
 33452
 33499
 33575
 33598
 33608
 33609
 33647
 33661
 33667
 33724
 33754
 33760
 33765
 33784
 33797
 33798
 33877
 33888
 33894
 33908
 33919
 33931
 33932
 33952
 34035
 34050
 34053
 34085
 34106
 34119
 34140
 34156
 34180
 34190
 34209
 34239
 34239
 34259
 34269
 34302
 34318
 34320
 34334
 34352
 34364
 34448
 34453
 34471
 34480
 34496
 34507
 34515
 34553
 34593
 34624
 34636
 34645
 34646
 34669
 34684
 34713
 34749
 34771
 34796
 34797
 34834
 34839
 34841
 34842
 34913
 34921
 34927
 34928
 34937
 34948
 34960
 34964
 34987
 35004
 35008
 35017
 35065
 35090
 35101
 35122
 35129
 35141
 35147
 35217
 35248
 35291
 35310
 35315
 35343
 35346
 35358
 35395
 35399
 35406
 35433
 35437
 35439
 35455
 35467
 35511
 35511
 35526
 35538
 35550
 35594
 35598
 35610
 35611
 35617
 35631
 35653
 35731
 35739
 35749
 35780
 35789
 35804
 35854
 35858
 35873
 35876
 35884
 35894
 35908
 35910
 35921
 35928
 35976
 36008
 36034
 36122
 36123
 36128
 36146
 36153
 36192
 36200
 36237
 36252
 36256
 36262
 36266
 36297
 36298
 36302
 36310
 36314
 36341
 36362
 36367
 36377
 36408
 36431
 36453
 36458
 36462
 36509
 36522
 36538
 36571
 36591
 36612
 36618
 36692
 36708
 36714
 36718
 36726
 36743
 36761
 36800
 36802
 36818
 36834
 36964
 36967
 36978
 36993
 37002
 37039
 37049
 37101
 37118
 37140
 37163
 37180
 37215
 37224
 37270
 37278
 37319
 37329
 37392
 37399
 37427
 37533
 37537
 37555
 37561
 37571
 37592
 37595
 37601
 37609
 37668
 37671
 37682
 37721
 37753
 37798
 37839
 37866
 37869
 37873
 37891
 37903
 37951
 37988
 37995
 38000
 38022
 38048
 38077
 38151
 38161
 38167
 38187
 38190
 38212
 38215
 38227
 38247
 38254
 38283
 38313
 38375
 38409
 38463
 38464
 38467
 38545
 38567
 38588
 38619
 38628
 38641
 38645
 38659
 38670
 38681
 38729
 38731
 38736
 38774
 38776
 38776
 38784
 38784
 38804
 38805
 38867
 38870
 38874
 38909
 38919
 38929
 38947
 38954
 39108
 39127
 39129
 39133
 39157
 39164
 39188
 39191
 39215
 39216
 39219
 39220
 39226
 39236
 39236
 39248
 39266
 39277
 39291
 39303
 39305
 39313
 39324
 39331
 39331
 39346
 39359
 39368
 39395
 39424
 39440
 39452
 39453
 39525
 39557
 39570
 39578
 39611
 39639
 39673
 39677
 39678
 39713
 39731
 39736
 39742
 39746
 39762
 39764
 39765
 39765
 39773
 39798
 39802
 39808
 39822
 39826
 39857
 39863
 39909
 39918
 39943
 39944
 39958
 40010
 40012
 40025
 40030
 40055
 40066
 40089
 40093
 40096
 40098
 40101
 40110
 40139
 40177
 40209
 40218
 40242
 40279
 40287
 40336
 40365
 40371
 40375
 40377
 40436
 40459
 40507
 40513
 40522
 40579
 40583
 40586
 40600
 40601
 40614
 40645
 40670
 40673
 40676
 40690
 40707
 40718
 40748
 40756
 40786
 40809
 40842
 40853
 40858
 40881
 40912
 40923
 40943
 40954
 41002
 41071
 41071
 41079
 41091
 41147
 41148
 41149
 41161
 41187
 41202
 41217
 41226
 41245
 41247
 41256
 41293
 41294
 41300
 41325
 41342
 41371
 41403
 41422
 41432
 41440
 41464
 41478
 41485
 41504
 41521
 41533
 41537
 41545
 41551
 41552
 41577
 41590
 41600
 41624
 41639
 41657
 41677
 41680
 41686
 41702
 41707
 41728
 41791
 41816
 41892
 41915
 41981
 41982
 42012
 42036
 42064
 42068
 42068
 42115
 42132
 42148
 42211
 42236
 42256
 42262
 42273
 42309
 42328
 42343
 42413
 42432
 42469
 42489
 42504
 42523
 42556
 42585
 42658
 42665
 42724
 42740
 42793
 42793
 42800
 42802
 42807
 42831
 42852
 42854
 42868
 42893
 42900
 42911
 42950
 42965
 42988
 43019
 43067
 43072
 43072
 43100
 43116
 43129
 43171
 43177
 43205
 43217
 43227
 43255
 43263
 43271
 43312
 43391
 43396
 43423
 43433
 43474
 43479
 43499
 43516
 43520
 43530
 43557
 43569
 43600
 43603
 43612
 43623
 43624
 43637
 43663
 43711
 43714
 43731
 43746
 43773
 43775
 43780
 43788
 43804
 43808
 43847
 43858
 43864
 43912
 43915
 43946
 43957
 43968
 43982
 44041
 44050
 44054
 44069
 44133
 44187
 44228
 44235
 44250
 44300
 44344
 44357
 44360
 44360
 44361
 44389
 44406
 44419
 44460
 44461
 44464
 44505
 44507
 44511
 44514
 44572
 44634
 44654
 44670
 44690
 44698
 44711
 44767
 44778
 44782
 44785
 44799
 44828
 44832
 44857
 44861
 44871
 44893
 44918
 44923
 44971
 45066
 45068
 45111
 45114
 45146
 45153
 45155
 45155
 45193
 45202
 45213
 45221
 45264
 45269
 45328
 45337
 45341
 45373
 45384
 45428
 45437
 45444
 45470
 45472
 45502
 45517
 45523
 45549
 45575
 45591
 45592
 45605
 45609
 45635
 45658
 45683
 45698
 45710
 45810
 45820
 45860
 45865
 45897
 45918
 45945
 46022
 46023
 46032
 46033
 46084
 46100
 46131
 46151
 46155
 46176
 46230
 46241
 46295
 46337
 46365
 46379
 46379
 46391
 46400
 46406
 46419
 46441
 46444
 46478
 46504
 46568
 46612
 46626
 46644
 46657
 46667
 46679
 46686
 46752
 46780
 46793
 46800
 46816
 46883
 46898
 46942
 46949
 47013
 47038
 47053
 47066
 47073
 47109
 47118
 47171
 47181
 47189
 47195
 47218
 47222
 47227
 47237
 47256
 47262
 47293
 47300
 47304
 47376
 47389
 47400
 47413
 47421
 47433
 47450
 47464
 47585
 47598
 47605
 47609
 47629
 47663
 47685
 47765
 47818
 47835
 47883
 47890
 47908
 47914
 47965
 47970
 48017
 48046
 48067
 48084
 48090
 48098
 48100
 48102
 48105
 48140
 48154
 48176
 48196
 48199
 48226
 48230
 48251
 48270
 48295
 48311
 48316
 48316
 48346
 48431
 48433
 48434
 48471
 48479
 48481
 48499
 48504
 48508
 48508
 48513
 48517
 48519
 48523
 48607
 48687
 48688
 48755
 48762
 48780
 48799
 48804
 48819
 48821
 48829
 48842
 48843
 48847
 48860
 49018
 49019
 49028
 49053
 49060
 49062
 49065
 49070
 49083
 49083
 49100
 49111
 49120
 49145
 49198
 49211
 49239
 49242
 49248
 49295
 49310
 49317
 49322
 49326
 49345
 49351
 49352
 49389
 49411
 49440
 49505
 49524
 49531
 49547
 49562
 49580
 49631
 49645
 49650
 49654
 49690
 49703
 49710
 49721
 49778
 49855
 49874
 49918
 49930
 49930
 49944
 49946
 50064
 50069
 50075
 50086
 50087
 50130
 50135
 50141
 50145
 50158
 50222
 50236
 50265
 50336
 50340
 50366
 50370
 50390
 50401
 50442
 50460
 50486
 50504
 50506
 50519
 50529
 50545
 50563
 50563
 50576
 50577
 50612
 50631
 50635
 50686
 50724
 50746
 50747
 50752
 50763
 50766
 50780
 50805
 50809
 50831
 50913
 50939
 50942
 50971
 51019
 51043
 51087
 51119
 51139
 51147
 51167
 51211
 51225
 51242
 51245
 51256
 51259
 51296
 51337
 51369
 51372
 51376
 51377
 51424
 51427
 51427
 51445
 51454
 51462
 51472
 51484
 51490
 51537
 51578
 51607
 51653
 51656
 51676
 51683
 51696
 51714
 51819
 51820
 51896
 51930
 51961
 51989
 52003
 52010
 52012
 52017
 52030
 52042
 52043
 52049
 52066
 52070
 52077
 52094
 52115
 52124
 52129
 52139
 52150
 52229
 52249
 52286
 52358
 52496
 52510
 52559
 52628
 52689
 52704
 52706
 52732
 52742
 52759
 52777
 52818
 52828
 52869
 52876
 52884
 52884
 52890
 52892
 52941
 52947
 52951
 53031
 53067
 53068
 53077
 53084
 53086
 53092
 53117
 53123
 53137
 53139
 53142
 53181
 53243
 53246
 53328
 53330
 53374
 53389
 53409
 53438
 53443
 53463
 53465
 53473
 53476
 53524
 53528
 53555
 53558
 53572
 53604
 53618
 53624
 53685
 53690
 53692
 53718
 53730
 53734
 53734
 53738
 53748
 53770
 53787
 53809
 53825
 53833
 53892
 53910
 53928
 53948
 53996
 54024
 54024
 54040
 54093
 54132
 54162
 54194
 54201
 54237
 54238
 54267
 54274
 54296
 54310
 54316
 54318
 54351
 54411
 54445
 54503
 54503
 54508
 54562
 54579
 54602
 54612
 54624
 54644
 54653
 54662
 54680
 54701
 54752
 54757
 54774
 54826
 54860
 54866
 54884
 54885
 54885
 54910
 54922
 54943
 54966
 54984
 54990
 55017
 55071
 55076
 55077
 55119
 55146
 55169
 55176
 55221
 55243
 55249
 55281
 55286
 55293
 55333
 55348
 55369
 55386
 55388
 55395
 55433
 55434
 55451
 55469
 55497
 55511
 55513
 55528
 55536
 55578
 55587
 55593
 55621
 55635
 55641
 55663
 55678
 55681
 55712
 55788
 55818
 55918
 55947
 55963
 55977
 55993
 56022
 56033
 56043
 56061
 56065
 56086
 56094
 56099
 56152
 56170
 56173
 56178
 56194
 56213
 56265
 56291
 56296
 56349
 56371
 56432
 56437
 56528
 56551
 56660
 56692
 56694
 56697
 56702
 56727
 56734
 56735
 56739
 56741
 56775
 56793
 56813
 56850
 56884
 56897
 56940
 56951
 56980
 56992
 57048
 57050
 57081
 57099
 57101
 57109
 57112
 57132
 57169
 57292
 57304
 57307
 57308
 57364
 57379
 57402
 57463
 57469
 57495
 57555
 57640
 57672
 57675
 57681
 57732
 57750
 57771
 57784
 57823
 57884
 57887
 57902
 57925
 57940
 57943
 57949
 57984
 58001
 58030
 58065
 58085
 58119
 58126
 58137
 58159
 58185
 58212
 58214
 58217
 58243
 58276
 58282
 58287
 58321
 58356
 58369
 58396
 58429
 58465
 58486
 58494
 58496
 58523
 58550
 58580
 58592
 58610
 58626
 58627
 58663
 58675
 58679
 58746
 58747
 58749
 58762
 58775
 58859
 58865
 58914
 58931
 58968
 58999
 59042
 59075
 59090
 59092
 59103
 59116
 59130
 59132
 59141
 59145
 59166
 59174
 59194
 59214
 59215
 59220
 59231
 59250
 59262
 59307
 59311
 59323
 59327
 59336
 59350
 59360
 59404
 59459
 59481
 59489
 59491
 59493
 59496
 59529
 59532
 59532
 59535
 59536
 59545
 59563
 59612
 59658
 59706
 59722
 59729
 59739
 59799
 59808
 59823
 59824
 59838
 59843
 59897
 59969
 59973
 60004
 60009
 60026
 60029
 60065
 60088
 60109
 60112
 60112
 60118
 60121
 60163
 60166
 60175
 60220
 60226
 60283
 60290
 60312
 60336
 60343
 60350
 60376
 60377
 60386
 60394
 60413
 60431
 60578
 60656
 60707
 60714
 60722
 60722
 60734
 60757
 60771
 60784
 60785
 60788
 60824
 60830
 60869
 60877
 60880
 60886
 60904
 60949
 60951
 60959
 60993
 61015
 61050
 61057
 61078
 61092
 61092
 61095
 61102
 61216
 61266
 61310
 61343
 61381
 61395
 61407
 61426
 61426
 61432
 61435
 61458
 61479
 61506
 61507
 61514
 61537
 61559
 61575
 61602
 61604
 61638
 61644
 61710
 61752
 61753
 61757
 61758
 61786
 61809
 61858
 61874
 61894
 61958
 61969
 61971
 61998
 62021
 62040
 62054
 62072
 62087
 62120
 62124
 62191
 62207
 62210
 62281
 62308
 62326
 62374
 62385
 62405
 62474
 62503
 62507
 62530
 62533
 62575
 62592
 62661
 62676
 62697
 62725
 62801
 62826
 62829
 62836
 62877
 62881
 62900
 62943
 62952
 62958
 62960
 62966
 62970
 62972
 63021
 63037
 63059
 63071
 63084
 63088
 63092
 63103
 63152
 63167
 63190
 63199
 63262
 63314
 63317
 63319
 63328
 63335
 63411
 63448
 63456
 63457
 63485
 63499
 63501
 63517
 63520
 63528
 63555
 63580
 63588
 63597
 63638
 63698
 63712
 63722
 63740
 63741
 63751
 63763
 63784
 63851
 63859
 63890
 63901
 63920
 63922
 63938
 63941
 63979
 64014
 64027
 64031
 64049
 64064
 64070
 64071
 64081
 64082
 64104
 64114
 64120
 64152
 64159
 64176
 64224
 64289
 64295
 64299
 64340
 64418
 64422
 64426
 64439
 64440
 64455
 64458
 64497
 64515
 64583
 64624
 64647
 64657
 64660
 64697
 64710
 64728
 64732
 64753
 64777
 64793
 64796
 64850
 64865
 64893
 64915
 64927
 64931
 64931
 64937
 64939
 64940
 64962
 64982
 65016
 65032
 65036
 65062
 65108
 65113
 65118
 65151
 65156
 65157
 65196
 65219
 65271
 65285
 65290
 65291
 65318
 65319
 65337
 65339
 65351
 65356
 65365
 65399
 65410
 65413
 65433
 65439
 65452
 65518
 65542
 65544
 65578
 65589
 65595
 65627
 65641
 65649
 65650
 65667
 65690
 65708
 65740
 65775
 65783
 65806
 65818
 65830
 65852
 65883
 65909
 65925
 65937
 65939
 65943
 65946
 65975
 65996
 66106
 66117
 66144
 66152
 66220
 66243
 66293
 66338
 66416
 66421
 66473
 66482
 66484
 66505
 66509
 66512
 66519
 66538
 66540
 66587
 66590
 66597
 66607
 66612
 66637
 66647
 66675
 66703
 66724
 66726
 66746
 66748
 66786
 66839
 66863
 66881
 66881
 66889
 66892
 66896
 66917
 66932
 66936
 66945
 66969
 66983
 66984
 67027
 67089
 67097
 67134
 67139
 67149
 67158
 67161
 67180
 67182
 67238
 67270
 67278
 67290
 67304
 67307
 67316
 67317
 67335
 67340
 67354
 67355
 67365
 67394
 67419
 67445
 67446
 67484
 67509
 67534
 67547
 67558
 67567
 67573
 67578
 67584
 67602
 67637
 67648
 67671
 67682
 67691
 67719
 67728
 67747
 67758
 67766
 67767
 67806
 67809
 67811
 67815
 67817
 67917
 67918
 67953
 67957
 67961
 67961
 67967
 67999
 68001
 68022
 68025
 68034
 68059
 68077
 68085
 68086
 68118
 68131
 68156
 68159
 68162
 68163
 68167
 68199
 68228
 68241
 68243
 68266
 68310
 68316
 68325
 68331
 68388
 68396
 68405
 68441
 68492
 68505
 68535
 68551
 68590
 68639
 68647
 68649
 68662
 68668
 68670
 68692
 68714
 68724
 68746
 68748
 68795
 68823
 68857
 68873
 68878
 68888
 68899
 68915
 68932
 68934
 68936
 68947
 68952
 68983
 68991
 69000
 69001
 69012
 69020
 69025
 69076
 69081
 69087
 69132
 69137
 69161
 69190
 69250
 69258
 69297
 69322
 69389
 69403
 69406
 69427
 69458
 69500
 69512
 69526
 69555
 69558
 69582
 69660
 69670
 69678
 69686
 69722
 69740
 69740
 69805
 69855
 69865
 69904
 69917
 69923
 69961
 69965
 69966
 69976
 69976
 69984
 69989
 70005
 70020
 70033
 70045
 70064
 70070
 70096
 70128
 70132
 70189
 70213
 70230
 70252
 70271
 70299
 70349
 70363
 70367
 70395
 70416
 70430
 70430
 70434
 70437
 70445
 70456
 70475
 70514
 70520
 70523
 70592
 70599
 70642
 70662
 70681
 70683
 70725
 70741
 70753
 70772
 70824
 70848
 70858
 70943
 70999
 71002
 71025
 71038
 71077
 71095
 71096
 71105
 71202
 71252
 71265
 71281
 71284
 71307
 71319
 71321
 71334
 71334
 71351
 71356
 71357
 71369
 71387
 71393
 71426
 71452
 71453
 71457
 71482
 71482
 71515
 71570
 71615
 71634
 71635
 71638
 71646
 71660
 71668
 71753
 71754
 71783
 71790
 71796
 71825
 71846
 71867
 71883
 71898
 71923
 71931
 71983
 72002
 72006
 72027
 72042
 72065
 72107
 72112
 72115
 72116
 72136
 72143
 72173
 72233
 72317
 72338
 72351
 72356
 72409
 72421
 72425
 72440
 72443
 72494
 72543
 72555
 72579
 72591
 72614
 72652
 72703
 72724
 72726
 72737
 72791
 72806
 72817
 72857
 72860
 72862
 72893
 72911
 72920
 72940
 73001
 73029
 73067
 73105
 73106
 73109
 73144
 73151
 73184
 73199
 73206
 73302
 73335
 73398
 73403
 73415
 73418
 73420
 73421
 73449
 73455
 73474
 73488
 73490
 73500
 73522
 73572
 73585
 73586
 73593
 73603
 73629
 73630
 73636
 73647
 73695
 73698
 73701
 73703
 73719
 73724
 73724
 73776
 73813
 73822
 73841
 73841
 73858
 73864
 73899
 73900
 73904
 73932
 73955
 73973
 73997
 73999
 74017
 74036
 74051
 74062
 74062
 74155
 74225
 74255
 74260
 74318
 74319
 74328
 74334
 74338
 74345
 74358
 74377
 74380
 74412
 74418
 74418
 74486
 74489
 74511
 74523
 74536
 74579
 74580
 74584
 74611
 74617
 74633
 74654
 74685
 74728
 74739
 74778
 74809
 74823
 74838
 74848
 74860
 74879
 74885
 74925
 74954
 74975
 75008
 75034
 75060
 75064
 75074
 75100
 75110
 75137
 75163
 75170
 75220
 75229
 75232
 75247
 75258
 75269
 75287
 75298
 75311
 75338
 75342
 75353
 75412
 75441
 75459
 75467
 75489
 75506
 75511
 75534
 75584
 75605
 75619
 75654
 75679
 75680
 75701
 75703
 75716
 75762
 75773
 75807
 75807
 75807
 75816
 75816
 75865
 75893
 75956
 75958
 75966
 75972
 76011
 76013
 76025
 76043
 76102
 76123
 76127
 76176
 76181
 76232
 76236
 76239
 76243
 76257
 76276
 76292
 76311
 76440
 76443
 76450
 76460
 76546
 76552
 76552
 76553
 76567
 76594
 76595
 76607
 76618
 76637
 76638
 76707
 76739
 76772
 76772
 76779
 76793
 76794
 76814
 76815
 76826
 76831
 76835
 76864
 76869
 76888
 76912
 76977
 76977
 76997
 76999
 77067
 77134
 77141
 77143
 77175
 77187
 77199
 77221
 77232
 77286
 77286
 77306
 77309
 77320
 77334
 77343
 77358
 77387
 77404
 77408
 77420
 77439
 77464
 77467
 77475
 77490
 77492
 77497
 77510
 77512
 77514
 77518
 77520
 77542
 77543
 77598
 77603
 77608
 77643
 77667
 77689
 77689
 77714
 77795
 77821
 77823
 77863
 77863
 77863
 77874
 77876
 77900
 77918
 77922
 77928
 77951
 77954
 78042
 78056
 78074
 78093
 78099
 78112
 78113
 78122
 78127
 78134
 78162
 78163
 78172
 78178
 78180
 78188
 78190
 78201
 78203
 78206
 78215
 78241
 78251
 78253
 78317
 78325
 78325
 78325
 78348
 78351
 78352
 78378
 78441
 78452
 78485
 78503
 78507
 78526
 78537
 78542
 78582
 78583
 78587
 78605
 78605
 78622
 78634
 78639
 78661
 78665
 78670
 78730
 78752
 78759
 78767
 78779
 78790
 78798
 78820
 78879
 78896
 78911
 78917
 78951
 78954
 78958
 78974
 79005
 79042
 79045
 79057
 79058
 79060
 79084
 79134
 79147
 79159
 79224
 79244
 79251
 79276
 79295
 79298
 79331
 79354
 79358
 79388
 79393
 79404
 79429
 79431
 79438
 79439
 79458
 79487
 79499
 79506
 79517
 79517
 79531
 79542
 79543
 79558
 79567
 79589
 79652
 79699
 79700
 79702
 79747
 79803
 79804
 79815
 79864
 79900
 79903
 79909
 79949
 79960
 79975
 80017
 80029
 80068
 80074
 80083
 80089
 80102
 80102
 80112
 80181
 80184
 80192
 80201
 80202
 80223
 80238
 80295
 80307
 80333
 80333
 80335
 80341
 80356
 80376
 80430
 80448
 80451
 80454
 80455
 80462
 80504
 80553
 80578
 80582
 80621
 80627
 80653
 80670
 80707
 80708
 80717
 80762
 80764
 80833
 80921
 80943
 80953
 80960
 81010
 81010
 81011
 81018
 81023
 81031
 81095
 81118
 81157
 81187
 81220
 81235
 81262
 81262
 81309
 81310
 81318
 81327
 81331
 81335
 81363
 81431
 81471
 81474
 81479
 81517
 81543
 81584
 81605
 81669
 81717
 81747
 81781
 81797
 81815
 81820
 81860
 81869
 81876
 81893
 81955
 82047
 82168
 82202
 82258
 82315
 82383
 82384
 82405
 82407
 82430
 82434
 82437
 82461
 82464
 82477
 82486
 82511
 82567
 82593
 82630
 82681
 82697
 82718
 82741
 82758
 82769
 82774
 82788
 82799
 82802
 82812
 82850
 82925
 82946
 82953
 82961
 82969
 83018
 83023
 83063
 83068
 83069
 83070
 83078
 83104
 83116
 83119
 83136
 83146
 83158
 83177
 83183
 83188
 83202
 83247
 83306
 83308
 83331
 83415
 83425
 83444
 83454
 83460
 83480
 83486
 83487
 83531
 83546
 83549
 83564
 83566
 83608
 83609
 83616
 83634
 83636
 83657
 83691
 83722
 83754
 83760
 83761
 83779
 83781
 83833
 83842
 83852
 83862
 83873
 83883
 83893
 83943
 83967
 83997
 84000
 84012
 84017
 84027
 84037
 84037
 84061
 84064
 84067
 84069
 84070
 84076
 84136
 84157
 84176
 84188
 84214
 84221
 84228
 84238
 84263
 84284
 84290
 84300
 84310
 84332
 84342
 84345
 84345
 84357
 84367
 84380
 84400
 84413
 84415
 84488
 84520
 84526
 84563
 84565
 84570
 84588
 84621
 84630
 84641
 84653
 84679
 84706
 84707
 84741
 84763
 84764
 84778
 84780
 84792
 84799
 84844
 84851
 84875
 84889
 84939
 84944
 84953
 84956
 84994
 85002
 85020
 85022
 85127
 85152
 85165
 85176
 85188
 85195
 85211
 85222
 85241
 85307
 85311
 85342
 85351
 85422
 85448
 85470
 85475
 85480
 85488
 85500
 85534
 85536
 85557
 85560
 85628
 85701
 85720
 85726
 85731
 85731
 85732
 85751
 85798
 85800
 85830
 85833
 85859
 85882
 85908
 85911
 85919
 85921
 85929
 85935
 85950
 85982
 85991
 86019
 86030
 86031
 86040
 86049
 86050
 86053
 86061
 86073
 86080
 86083
 86083
 86095
 86108
 86109
 86151
 86166
 86267
 86270
 86299
 86302
 86323
 86361
 86405
 86426
 86433
 86445
 86455
 86460
 86460
 86548
 86578
 86588
 86663
 86683
 86719
 86762
 86779
 86786
 86793
 86825
 86854
 86891
 86899
 86930
 86932
 86955
 86973
 86997
 87013
 87021
 87034
 87082
 87110
 87114
 87132
 87142
 87194
 87196
 87203
 87215
 87216
 87227
 87238
 87244
 87269
 87290
 87374
 87428
 87433
 87436
 87436
 87464
 87476
 87534
 87546
 87567
 87582
 87595
 87601
 87644
 87689
 87690
 87695
 87789
 87789
 87797
 87814
 87822
 87827
 87856
 87886
 87890
 87935
 87938
 87987
 88005
 88026
 88040
 88056
 88088
 88101
 88208
 88211
 88281
 88297
 88317
 88322
 88331
 88333
 88348
 88354
 88363
 88375
 88377
 88379
 88394
 88417
 88421
 88428
 88451
 88478
 88519
 88549
 88581
 88601
 88611
 88621
 88637
 88647
 88665
 88673
 88693
 88708
 88709
 88716
 88724
 88731
 88766
 88819
 88844
 88862
 88923
 88929
 88933
 88942
 88950
 88952
 88975
 88992
 89007
 89020
 89020
 89026
 89043
 89079
 89091
 89099
 89116
 89146
 89176
 89192
 89224
 89239
 89248
 89257
 89304
 89324
 89344
 89395
 89429
 89436
 89446
 89468
 89505
 89518
 89537
 89549
 89572
 89577
 89604
 89635
 89639
 89660
 89665
 89700
 89730
 89744
 89773
 89794
 89796
 89820
 89866
 89966
 89969
 89970
 89988
 90005
 90007
 90024
 90025
 90031
 90075
 90099
 90102
 90118
 90126
 90135
 90174
 90211
 90212
 90212
 90219
 90221
 90247
 90248
 90292
 90312
 90332
 90344
 90347
 90386
 90403
 90426
 90436
 90475
 90481
 90483
 90485
 90496
 90497
 90541
 90580
 90602
 90628
 90637
 90690
 90730
 90732
 90732
 90750
 90770
 90795
 90820
 90859
 90865
 90924
 90940
 90952
 90964
 90980
 90988
 90989
 91016
 91020
 91027
 91036
 91059
 91069
 91082
 91087
 91112
 91144
 91154
 91195
 91211
 91238
 91243
 91273
 91310
 91330
 91331
 91353
 91440
 91526
 91528
 91538
 91542
 91583
 91622
 91638
 91641
 91655
 91661
 91688
 91689
 91715
 91720
 91733
 91802
 91818
 91828
 91831
 91838
 91841
 91858
 91860
 91928
 91948
 91960
 91964
 91991
 91993
 91996
 92042
 92052
 92056
 92068
 92076
 92080
 92082
 92095
 92113
 92130
 92160
 92162
 92163
 92189
 92212
 92221
 92240
 92241
 92276
 92283
 92291
 92310
 92337
 92365
 92414
 92482
 92491
 92532
 92577
 92586
 92587
 92594
 92604
 92716
 92748
 92753
 92771
 92781
 92824
 92834
 92848
 92863
 92871
 92888
 92961
 92971
 92972
 92998
 93040
 93057
 93065
 93072
 93080
 93087
 93096
 93135
 93139
 93141
 93154
 93206
 93269
 93280
 93285
 93339
 93359
 93382
 93397
 93408
 93409
 93414
 93417
 93429
 93455
 93457
 93472
 93492
 93503
 93539
 93574
 93604
 93622
 93673
 93707
 93760
 93768
 93778
 93826
 93850
 93900
 93910
 93916
 93927
 93984
 93988
 94006
 94006
 94031
 94041
 94043
 94061
 94073
 94099
 94107
 94132
 94161
 94193
 94200
 94230
 94238
 94246
 94247
 94255
 94269
 94273
 94288
 94315
 94315
 94316
 94337
 94349
 94361
 94366
 94407
 94421
 94438
 94481
 94485
 94489
 94498
 94505
 94508
 94515
 94515
 94515
 94537
 94561
 94562
 94565
 94588
 94608
 94613
 94618
 94625
 94655
 94672
 94695
 94703
 94703
 94709
 94728
 94732
 94744
 94752
 94802
 94814
 94911
 94913
 94923
 94935
 94948
 94977
 94981
 95034
 95036
 95044
 95054
 95091
 95091
 95123
 95125
 95185
 95195
 95197
 95218
 95224
 95246
 95248
 95248
 95262
 95290
 95317
 95383
 95384
 95403
 95427
 95466
 95475
 95478
 95492
 95530
 95532
 95550
 95559
 95586
 95593
 95594
 95608
 95631
 95644
 95653
 95670
 95674
 95703
 95706
 95720
 95735
 95746
 95764
 95764
 95802
 95834
 95865
 95879
 95937
 95966
 95977
 96014
 96021
 96028
 96044
 96067
 96075
 96105
 96109
 96111
 96169
 96185
 96202
 96229
 96258
 96265
 96269
 96331
 96374
 96382
 96419
 96424
 96433
 96472
 96480
 96511
 96549
 96567
 96570
 96601
 96636
 96681
 96763
 96770
 96821
 96841
 96841
 96842
 96845
 96882
 96933
 96941
 96941
 96950
 96968
 96983
 97006
 97008
 97026
 97026
 97047
 97074
 97126
 97134
 97165
 97171
 97230
 97235
 97244
 97263
 97276
 97277
 97290
 97306
 97323
 97332
 97337
 97353
 97355
 97385
 97391
 97396
 97409
 97413
 97455
 97466
 97470
 97488
 97529
 97543
 97558
 97567
 97618
 97633
 97650
 97655
 97655
 97683
 97685
 97706
 97748
 97778
 97794
 97794
 97801
 97818
 97827
 97876
 97887
 97900
 97914
 97936
 97969
 98017
 98045
 98099
 98099
 98161
 98167
 98191
 98206
 98212
 98237
 98262
 98270
 98304
 98305
 98315
 98331
 98334
 98347
 98347
 98381
 98403
 98425
 98430
 98447
 98453
 98453
 98459
 98459
 98481
 98483
 98489
 98492
 98530
 98531
 98535
 98540
 98555
 98556
 98568
 98609
 98616
 98625
 98641
 98645
 98685
 98698
 98711
 98726
 98771
 98775
 98779
 98787
 98816
 98828
 98846
 98855
 98856
 98865
 98868
 98893
 98903
 98937
 98939
 98955
 98960
 98971
 98971
 98982
 98991
 99032
 99052
 99055
 99094
 99143
 99171
 99188
 99198
 99221
 99294
 99302
 99326
 99335
 99425
 99447
 99467
 99501
 99502
 99549
 99555
 99585
 99599
 99606
 99625
 99667
 99682
 99737
 99745
 99745
 99784
 99788
 99813
 99853
 99868
 99875
 99898
 99903
 99909
 99929
 99949
